0 -0.15837 0.43885 0.17634 0.72465 -0.33889 -0.11815 -0.61600 0.08228 0.75079 0.24830 0.73791 0.00390 -0.04227 0.45585 0.81010 -0.93707 0.92163 -0.61625 -1.08482 0.40182 -0.48534 -0.46096 -0.07272 0.17447 -0.39497 -0.14912 -0.77363 2.67296 -0.92409 0.98976 -0.05138 1.74901 -1.05482 -0.10755 -0.21695 0.13093 0.34416 -0.14982 0.89976 0.00788
1 -1.11342 -0.70697 -0.79237 -1.35706 2.01319 2.14375 -0.16014 0.02312 -1.23092 0.44505 0.00348 2.37705 0.38704 -0.78816 1.82422 0.68260 -2.03240 -1.16369 0.93078 -0.75351 0.01151 0.11335 -0.20949 2.01897 0.18629 -1.55777 -0.70486 -0.60895 -1.95986 1.70800 0.16756 -0.77433 -0.56908 1.07004 1.81683 0.97206 0.16438 1.18450 -0.91013 0.33823
2 -0.33670 -0.58473 -0.73594 2.20973 0.97490 -0.35015 -0.34351 -0.46282 -0.83023 -1.57864 -0.76710 0.51197 -1.52964 1.65311 -0.82651 -1.21328 1.49822 -1.15610 0.04568 0.49306 1.33221 -1.18326 -1.32287 0.38457 0.40243 0.17653 0.17544 -0.68975 0.03098 1.73985 1.27509 -0.92421 -0.60598 0.42484 0.25361 1.72021 -0.53679 0.68209 0.31549 0.20369
3 -1.88497 -2.57754 -0.58131 -0.84981 0.08587 0.47718 -0.03179 1.75875 -0.59389 0.51942 0.86550 0.16171 -0.61045 0.49507 1.63292 -0.56687 -0.66495 0.22665 -0.07839 0.29484 -1.16054 -0.87966 1.26812 -0.19725 -0.79931 -0.08778 -0.25541 0.55712 -0.18963 0.60749 -0.44933 -2.10720 -0.04871 1.31060 0.30338 0.38795 1.12711 -0.41024 0.84698 0.38278
4 0.96096 -0.83668 1.17906 -0.31051 -0.44454 0.33886 0.85264 -0.99047 0.41031 -1.08125 0.01179 -1.70271 1.72267 -0.94365 -0.71372 1.01094 -1.48036 2.01796 0.56687 -0.52413 -1.21744 -1.33060 1.44075 1.04847 -1.39168 0.48257 -0.09143 -0.32027 0.57019 -0.91707 1.17110 1.09741 0.61847 0.17478 -0.53865 0.30324 -0.70172 -1.51549 0.66442 0.64671
5 1.39348 0.43523 -0.14662 0.14320 1.20356 1.20738 1.70913 -0.35189 0.73973 -1.67728 0.23193 -1.13833 0.26906 -0.63523 -0.05632 1.97288 1.38581 0.25261 0.81042 1.06541 0.52983 -2.32398 0.51881 -0.53070 -0.51822 -2.18132 0.24213 -1.07059 0.42239 -1.21721 0.97212 -0.24410 -0.41878 0.67931 -0.74928 0.00310 -0.74841 1.95363 -0.55319 0.01190
6 1.08825 1.07530 -0.64616 -1.53487 -0.36086 0.83916 0.66669 0.74037 0.92369 1.42238 -0.84242 0.45228 0.47242 1.22573 -0.29022 -0.29433 1.00859 -0.34528 -0.62063 -1.32769 -2.04557 -0.86000 0.75148 1.13396 0.43030 -0.28806 0.17643 -0.66355 0.39452 -0.20773 0.78572 1.30950 0.80404 0.91084 -0.25814 -0.39123 0.72891 -0.24385 -0.00146 1.40821
7 1.06603 0.40868 0.75136 1.12831 -0.21478 0.98976 -0.42701 -0.55482 -1.39639 -0.22523 -0.34590 -1.99810 0.81317 1.20647 -0.71417 -1.30928 -0.73231 0.53832 2.05241 1.15259 -0.02610 -0.37969 3.04916 0.46645 -0.36204 -0.40083 -0.29508 1.89733 0.44606 -0.89142 0.03966 -1.37947 0.05165 0.21363 0.77119 -1.30401 2.61349 -0.75033 -0.98560 -0.70166
8 -0.32634 -0.48125 0.32439 -0.23586 1.84668 -0.37402 -0.21487 -2.52348 -1.07381 1.88216 -1.49208 1.16518 -0.93236 -0.55774 0.81837 -0.47948 -0.41055 -0.14691 0.76294 0.79045 -0.06696 -0.33318 2.10801 0.56477 -1.12134 -1.00330 -0.68959 -0.80076 -1.71718 1.00787 1.28269 0.13395 0.66445 -0.20947 0.16474 0.21533 0.70617 0.61700 0.32498 1.10215
9 -1.59206 0.84291 -1.75211 -1.20442 -0.90159 0.80965 0.02087 -0.10400 -0.05531 -0.35641 -0.13769 0.55620 -0.49698 0.07606 -0.04646 0.17065 0.82110 -0.80099 0.30452 -1.76401 -1.03162 1.31559 0.87498 -0.90176 -2.67854 0.84065 -0.64298 0.33147 -1.38097 -0.03186 3.36426 -1.00486 -1.04114 -2.09433 0.74977 -0.86284 0.68376 0.70587 -0.67843 0.41784
10 0.56452 -0.17431 -0.88695 -0.66000 -0.79820 0.32372 -0.56928 -1.34294 -0.70155 -0.80526 -1.06727 -1.54596 -0.23772 -1.64559 1.84713 0.54797 1.63609 0.17710 0.01571 1.98744 2.04992 -0.34206 -1.28428 -0.02944 -0.74881 2.39064 -0.04013 -1.59101 -2.25542 2.03822 0.26931 0.85135 -1.60840 0.03377 -0.21745 2.32107 -1.35428 0.16986 0.96194 -0.04979
11 -2.26763 1.57657 -0.27198 -1.02947 -0.43869 -0.29045 -0.88811 1.39870 1.62367 -0.23740 0.25113 0.34143 -1.74957 -1.29164 -0.27795 0.70904 0.61415 1.78796 -1.60491 -0.78211 0.12409 0.78848 -0.50249 0.50249 1.21675 -0.56128 0.44748 0.11860 1.00928 0.31542 0.83150 0.17367 0.46172 -1.35464 2.23493 -1.28416 0.68253 0.43449 -0.54633 -1.76810
12 -0.28435 -0.50800 0.22564 -0.56550 0.39738 -0.78689 -1.32372 -0.56284 -1.19879 1.88339 1.74582 0.00181 1.27705 0.83275 0.89218 -0.27698 0.97317 -0.30840 -0.33710 -0.74938 -0.84643 -1.54733 -0.57363 0.18570 -0.55942 -0.24819 0.59048 -0.59413 0.22794 0.29911 2.10845 -1.77498 0.26910 -0.33884 0.03348 1.40698 0.52357 0.36911 1.25207 -0.14231
13 0.70749 -0.45709 -0.09630 1.07722 -0.20551 1.28321 -0.26208 -1.32357 -1.24367 1.24840 -1.02095 -0.38519 -1.70753 -0.11668 0.03251 -1.17174 -0.66463 -0.38955 0.84187 0.78788 0.47060 -0.62229 0.78504 0.47285 -0.39039 0.78331 -0.34536 0.44646 -0.02588 -1.69456 0.57271 -0.28815 0.58523 0.69772 -1.72357 1.11428 -0.97189 0.51433 -0.59725 0.17282
14 -0.92544 -2.85971 -0.30999 0.14790 -0.56095 -1.08381 -0.20260 1.16682 -0.09995 0.59349 1.63262 1.51387 -1.67477 -0.51159 0.38937 1.11724 -0.14140 -1.97972 2.00359 0.80301 -1.38842 -0.72462 -1.73624 0.62317 1.34397 0.27798 -0.68107 0.58215 0.66321 -1.09496 -0.20676 -1.22742 -0.04783 -1.64774 -0.86109 -1.06810 -1.07660 -0.97229 -0.01831 1.96103
15 -0.10957 -0.89152 2.13794 0.05605 -0.65514 -1.16878 0.45932 0.64373 -0.39715 1.03281 1.18962 0.47485 -0.90429 -0.39421 0.53848 -1.28316 -0.09879 0.09169 -0.48568 0.82377 -2.16809 0.27320 0.12146 2.50744 -3.68026 1.55405 0.37910 -0.23067 -0.53574 0.66069 -1.22482 1.84416 0.19425 -0.93444 -0.32298 -0.93210 -1.84665 -0.98625 -0.11082 0.46377
16 -0.69191 0.22349 1.23128 -0.85849 -1.06397 -1.37153 0.67924 -0.95699 -0.57091 0.19855 -0.48877 1.58602 -0.46924 -2.10382 -0.15493 -1.60386 1.97101 -1.77184 0.92547 -0.48028 -1.76019 0.38811 -0.09189 -0.29593 -0.72676 1.12743 -0.09907 0.33177 -0.48218 -0.49336 0.28956 -0.65491 -0.87095 1.19760 -0.76831 0.22598 0.76561 0.66313 -0.04879 -0.10863
17 0.38970 0.44815 0.99213 0.73813 0.41401 1.77926 0.11207 -0.12161 -0.49665 -1.06153 -0.03856 -0.51829 -0.12726 0.17640 -1.58276 -0.83544 -0.02406 0.56387 -0.47483 -0.80556 -0.29285 0.10004 -1.18967 0.23530 -0.45486 0.63098 1.33963 -0.06646 1.30495 0.31659 1.55547 -0.18040 -0.36521 -0.58597 -0.40776 -0.23047 -1.14899 1.09493 0.18840 -0.56859
18 0.44071 -1.13800 -1.46167 -0.11981 -0.29002 0.66412 1.78441 0.22098 -0.32899 0.81527 0.74390 1.91148 -0.28779 -0.83728 -0.61987 -0.07736 -1.69109 1.24125 0.12373 0.44959 -1.03198 -0.71476 -1.77081 -0.52317 0.57007 0.41663 1.72916 1.43162 0.87732 0.64287 0.01523 0.96472 -1.23147 -0.27075 1.28749 -0.08226 0.69876 0.92404 0.36519 -1.68016
19 0.86210 0.76602 1.11430 1.32032 0.03012 1.60613 0.90525 -0.27024 0.45519 -0.08081 0.77771 -0.66173 -1.59619 1.55042 -0.62140 0.01630 -0.80188 -1.40001 -0.23078 1.02079 -1.60670 -0.57569 -1.03015 0.53000 -0.16084 1.54159 0.14464 -0.16340 -0.89718 -1.05280 -1.25645 0.02748 -0.03315 0.01689 1.42117 0.70021 -0.17265 -1.84001 0.45230 -0.92266
20 1.51724 -0.19360 1.86325 0.41154 -0.89368 -0.38983 -0.47784 0.44614 -0.16310 1.29174 2.18441 0.74736 0.12439 -0.19590 -0.71998 0.33994 0.49791 -1.02568 -1.54272 -0.41890 0.65959 -0.97183 -0.04885 0.94324 -0.15685 -0.08064 -1.34537 -0.37323 0.00398 0.42217 0.82486 -1.11496 -0.96244 -0.71057 -1.35087 0.39309 0.46480 -1.63195 0.56193 1.03323
21 -1.09687 0.41460 -1.60375 0.94417 0.32886 -1.78242 -0.38462 -1.10791 -1.04570 -0.47343 1.79044 -0.56971 0.84279 -0.54401 -0.90628 0.25318 -0.62542 -0.74054 -0.92806 0.51138 0.37964 2.28576 -0.02573 -0.73916 0.41160 1.06100 0.99945 1.60417 -0.06406 -0.09793 -0.68487 -1.00797 -0.93873 1.58668 -0.02158 -0.01785 -0.69934 0.33663 -1.95265 0.37206
22 -0.23631 -0.67714 0.80067 -0.50398 1.08983 0.22692 0.50208 0.05342 0.71529 0.15210 0.19941 -0.04221 2.10181 0.87876 0.15281 -0.05074 -1.65052 -1.65210 2.34834 -0.56211 1.83228 0.95555 0.73731 -1.45812 -2.44948 -0.27987 -0.18062 -0.90796 1.70263 0.14633 -0.54416 0.36248 0.46645 -0.05144 -0.73153 -0.84545 -0.75342 2.30116 0.73082 1.80736
23 -0.42698 -0.90045 0.57000 -0.18929 -1.62559 0.23248 0.47100 -0.06989 -0.75532 0.15501 -0.93752 -0.32792 0.62200 0.32809 -1.67329 0.36724 1.01492 -0.45269 0.53718 0.29859 -0.34762 1.21447 -0.57769 0.07119 0.52129 -0.38367 -0.09772 0.57857 -0.34232 0.53177 -0.22568 -0.36183 -1.19294 -1.53378 0.05056 -0.82452 -0.35825 0.47219 1.47952 0.66215
24 1.32377 2.32134 -0.76539 -0.44159 1.51339 1.75275 0.93852 -0.16954 1.95219 -1.67240 -0.12837 0.38020 1.27566 0.33955 -0.65321 -1.01265 -1.66298 1.28199 0.26538 0.74372 -2.02628 -1.41941 -0.36097 -0.46502 0.57279 -0.61944 -0.19650 -0.00076 0.35637 0.26697 -0.17976 -0.57124 -0.11060 0.96480 0.96721 0.56046 -0.25981 0.49896 -0.24651 0.40793
25 -0.38231 -0.38199 -0.88302 -0.98652 1.38213 -0.28769 0.35241 -0.74110 0.14559 -0.81887 -0.62276 -0.75949 -0.71851 0.14753 0.32794 1.31939 -0.95691 -0.88227 0.33417 -0.93528 0.51649 0.22917 -1.79082 1.48136 0.87925 -1.28777 1.44583 -1.90086 0.48304 0.08870 0.48686 -0.78292 0.95057 0.07061 0.04913 -0.12319 0.14891 -0.62592 -1.57767 0.84535
26 0.25894 1.49019 1.76966 0.43793 0.48207 -1.71715 -2.03437 -1.21562 -0.91487 0.62695 -0.29903 0.10574 0.08115 -0.91006 -0.82916 0.00192 0.44571 -0.32060 0.22044 -0.27666 1.14963 1.11501 0.28486 1.33024 -0.68033 -0.13275 -1.41388 -0.80453 0.46056 1.91993 -0.55010 -0.90648 2.77055 0.78321 0.50931 -0.87763 -1.32543 0.21447 -0.15722 0.15769
27 0.16363 0.16370 0.80059 0.35352 2.29277 0.78716 0.16334 1.02894 -2.21613 0.80989 -2.64058 -0.03595 -0.63941 1.03397 1.24097 1.14701 1.48187 -1.82801 0.22754 -1.29137 -0.68924 -0.16514 0.92362 1.62775 -0.26398 -0.78381 1.00810 0.79762 -1.18912 1.08380 -0.46971 0.17461 -0.79620 -0.10360 -1.21224 0.34314 -0.82881 -1.42550 0.55450 -0.51304
28 0.71631 -0.30326 -0.04000 -0.39312 -0.66033 -0.45041 -1.68485 -0.63630 0.88831 -0.31322 -1.28190 1.93578 0.49592 -0.59137 -0.46253 1.07881 0.42471 0.13249 -1.28693 1.48412 1.40978 1.04250 -1.13834 -0.27554 -1.05192 1.24597 0.91014 1.04532 1.41977 1.17980 1.14916 0.55175 -1.62977 -1.34079 -0.37809 -1.77834 1.53932 -0.34915 -0.73385 0.31529
29 0.35721 -0.23863 -0.05014 0.86691 0.16051 -0.54884 -0.92647 -0.23348 -0.80495 0.82958 0.12437 -0.61364 1.54292 -0.37039 -0.07498 0.24978 1.86243 -0.52277 -1.19938 -1.48533 -1.37052 -0.82457 -1.45186 -1.18402 0.34802 -0.14693 -0.86918 -0.26172 -0.25581 0.26186 -1.04542 0.55465 1.97656 -2.53217 -0.33122 -1.27522 -1.17076 0.59449 -2.05734 0.74822
