0 -1.93629 -1.20666 -0.22601 -1.34340 0.64403 -0.69400 -0.07844 -1.49235 -0.06102 -0.03825 1.01628 -0.16517 2.03134 -0.35889 0.91619 -0.22728 -0.66513 -0.24455 1.03872 1.09033 -0.12133 -0.13294 1.02893 1.74290 1.09571 -0.97289 -0.29966 0.41293 0.76838 -1.23332 1.89657 0.37274 -0.02299 -0.17124 -0.76715 -0.97418 -0.46509 0.14283 0.29470 -0.35221 -0.29075 -0.10542 -0.33454 -0.35254 1.78906 -0.34292 0.00864 -1.33093 0.30024 -0.28171
1 -0.21661 -1.23273 1.11755 -1.17000 1.61190 0.62749 -0.26608 0.57047 -1.76315 -1.43274 -1.84293 -0.31190 0.94994 0.54157 -0.29080 1.40944 2.14859 3.29801 0.58273 -0.04980 -0.34862 -0.70105 -0.99407 0.28848 -1.63138 0.35518 0.01559 0.32870 0.29007 -0.08703 -0.13345 -2.17968 -0.61597 0.32601 0.79733 0.18578 -1.39858 -2.27587 -0.21120 1.40121 1.95456 0.17098 -1.65582 0.39642 0.49580 1.23538 -1.75550 1.57108 0.06343 0.53881
2 0.36843 0.03755 1.96355 0.42419 -0.13121 1.52400 -0.97691 2.45783 -0.67344 -0.86976 0.46614 -0.10771 0.70377 0.82898 0.99691 -1.48347 0.49283 -0.71300 0.12487 -1.58665 -0.11195 -1.48602 -0.12444 -0.78365 -0.90085 2.56746 0.18280 0.13087 1.20667 -0.23716 0.80764 -0.62466 -0.45672 1.62716 1.04614 1.63786 -0.73978 2.00019 0.10526 -1.24873 -2.58976 -0.63781 -0.15818 -0.98407 -0.23988 0.38115 0.31933 0.28579 -0.17836 0.36383
3 0.66841 -0.28331 -1.67195 -1.73483 -0.59950 0.60042 0.30660 0.31944 1.21972 1.63528 1.89171 1.20473 -1.70556 0.91940 -0.08886 0.73358 -0.71685 -0.24781 0.77161 0.69577 -0.12747 0.49826 1.70518 1.90766 2.27742 -1.56140 0.70533 -1.28515 0.57904 0.97697 -1.94993 -0.61976 1.75117 -1.47152 -0.26552 0.09206 -1.02486 0.33761 0.71618 0.66468 -0.91458 -0.70467 0.66633 -0.07380 0.73484 -0.57234 -2.13557 -0.05579 -0.14624 -0.24437
4 0.03775 0.95886 1.58550 0.94549 -2.29388 -1.07472 1.79926 -2.18737 -0.28738 0.85783 0.95948 1.32799 0.43392 1.28851 1.44118 -0.20095 -0.38548 -0.89972 -2.23556 0.29858 -0.48442 -1.20704 -2.35952 -0.27816 0.76706 -0.18344 -0.74912 -1.35913 0.18902 0.07242 -0.72729 -0.93956 -1.68025 1.41119 -0.28388 0.31479 -0.02519 -0.46011 0.72096 -1.63835 -0.11577 2.02573 -0.46510 -1.55429 0.87483 0.44285 -0.17630 1.48080 -0.29201 -0.98868
5 1.05402 -1.36816 1.62267 0.58156 0.10495 -0.00773 0.15445 0.51204 0.14006 -0.63763 -1.95130 -0.43611 -0.69156 -0.20916 -0.62523 -2.48349 -1.84123 0.15600 1.21261 -1.73081 1.28142 -0.20521 1.02004 0.42512 -0.57494 0.09094 0.64212 0.87343 1.68284 -1.50388 -0.68280 1.41975 0.35656 -0.69582 0.22927 2.01845 -0.31993 0.66480 -0.46294 1.54124 -0.24006 -1.64527 0.03390 -0.23062 -1.24678 0.04781 0.61159 -2.19015 1.35248 -1.64352
6 0.60743 -1.12212 -1.65200 0.60335 0.74683 -0.96771 -0.34246 -0.66380 -0.19636 -1.43657 -0.11788 -1.86533 -1.06328 -0.04349 1.21453 -1.83824 0.91419 0.25466 1.33168 -1.04975 0.88562 0.92661 -0.68601 -1.47326 -0.19508 0.33402 -0.74250 1.45159 0.78365 0.19402 -0.50498 0.48816 -1.03664 0.27438 2.49063 1.16454 0.69978 -0.57448 -1.43354 -0.79500 0.11339 -0.08945 0.56938 0.85831 -0.82931 0.02505 -0.68967 -0.56759 2.02558 -1.30904
7 -2.36397 1.42007 -1.64625 0.29911 2.12776 -0.50033 -0.06193 0.46599 -0.30876 -0.30745 1.63399 0.28399 1.07010 0.00058 -0.10999 -0.50472 1.04173 1.63369 -1.72243 -0.95709 -0.42858 -0.78213 2.63600 2.69809 0.30874 0.20715 -1.90694 0.36384 1.40783 2.06613 -1.69539 -1.23085 -1.96803 1.17607 -0.06361 -0.48322 0.81675 0.25238 -0.16785 0.42435 -1.13159 -1.11221 0.71422 1.08649 -0.37741 0.52580 0.36349 -0.66184 -0.53609 -1.36368
8 -0.51896 -0.35899 -0.01342 0.16605 -2.69068 -1.29170 -0.40370 0.66796 1.02131 0.25643 1.85749 -1.12286 0.68540 -0.93165 0.40954 -0.69587 1.22867 -0.52861 -0.56824 -1.31308 0.56169 0.53472 0.13812 0.27319 -1.34049 0.44118 -0.89602 -0.61464 -0.71208 -0.21740 -0.42195 -0.96165 -0.16452 0.01081 -2.02571 1.06022 -0.01500 -0.58524 -1.78521 0.10348 -0.34453 0.92862 0.28887 0.89366 -0.12738 -0.29633 -0.54195 0.77061 0.67913 -1.31471
9 -1.17660 -0.70489 -0.99311 -0.43120 -0.58897 -0.81571 -1.14082 0.36785 0.76189 1.84951 0.70331 -1.54752 -0.86321 1.98483 -0.31129 -0.48720 0.12515 0.07594 1.45275 0.21372 -0.47531 -1.44695 0.24040 0.74521 -1.22547 -0.77443 0.54791 1.35030 0.81891 0.94860 -0.31217 -2.45476 0.51140 0.20134 -0.58980 -1.87856 -0.48624 -0.10281 1.24833 0.73847 0.35851 -1.69725 -0.70209 1.16849 0.27504 1.50402 -0.22533 -1.08604 -0.23507 -0.81731
10 0.38176 -0.20184 -0.22676 0.62577 0.55691 0.63272 -0.45328 -0.70542 0.88760 0.52200 1.04492 0.90373 0.82376 -0.79545 1.57288 -0.96321 -0.10698 -0.94142 -0.64488 -2.23520 1.57356 0.40252 -1.64819 -3.04556 1.34109 -0.90957 0.58748 -2.56839 -0.66426 0.46365 0.00147 -1.22414 -0.96409 0.41257 0.25378 1.59300 1.21596 1.38806 -1.60285 0.46079 2.26561 -0.33203 -0.75494 -0.63981 0.85201 -0.67615 0.03628 -0.09132 -1.36881 2.21090
11 0.15101 -0.44941 0.64466 -0.41881 -0.85501 -0.32585 0.43679 -0.45410 -0.92023 0.28412 -1.09630 1.93734 -1.11548 0.26942 -2.17577 0.03585 -0.98133 -1.86294 0.79907 0.86829 -0.71001 -1.94743 0.25146 0.45272 -0.00977 -0.63015 -0.27615 -0.93305 0.52942 -0.92932 0.00172 -0.96074 1.92173 -0.23185 -1.28400 0.65807 0.09656 -1.32651 0.45747 -2.00361 0.81067 1.26972 1.24674 0.36532 -1.11628 0.62055 0.85430 -1.46777 -0.51046 -0.95975
12 -2.66392 1.81913 0.53061 -0.81701 1.66673 -0.97566 0.99169 2.14084 1.53369 -0.78174 -2.10095 0.91626 1.81099 -0.22235 -1.55438 0.71871 1.19689 -1.09117 -0.40955 1.14492 -0.73055 0.17860 -0.48816 -0.78567 0.92242 1.98046 0.72864 0.57109 -0.05708 -0.43717 -0.72701 -0.93356 -1.61462 0.85333 -0.37564 0.46289 -0.03105 -1.50920 0.12041 -0.93219 -0.47857 1.20128 0.11568 1.07256 0.63881 0.72734 -0.30789 -1.28592 -0.45384 1.17917
13 1.20839 -0.06031 1.99200 -0.65212 -1.89411 0.48596 -0.79874 -0.75996 -2.36493 0.32018 0.58380 0.84778 0.76530 0.00239 0.14232 0.43034 1.27252 0.94520 1.40634 0.84338 0.32629 -0.81708 -1.26935 -0.63075 0.39179 -0.74764 0.39205 0.49219 0.78896 -1.28889 -0.70700 -1.33840 -0.61252 -0.66223 0.62540 0.84034 0.05808 -0.43243 0.60674 2.32379 0.04258 -0.38769 1.35144 -0.42438 0.42414 2.17347 -0.47420 -0.33258 -0.64374 0.20498
14 1.71397 0.59276 1.24023 0.69877 -1.28465 0.08125 0.75151 0.12062 0.41580 1.63206 -0.28689 -0.00863 0.12059 0.66087 -2.69320 0.69518 0.91908 -0.23057 0.02192 0.84988 -0.79059 -0.06715 -1.06949 0.30569 0.72286 -2.32025 0.60528 1.74587 1.86444 0.04088 1.45219 0.98846 -0.39094 0.38809 0.54517 -0.03669 -1.54702 0.75235 1.72829 -0.53856 0.30148 0.84122 -0.82024 -1.05132 -0.42052 -1.04769 2.27305 -0.25930 -1.32386 -0.69286
15 0.54767 -0.44228 -0.39299 1.14775 1.14984 1.37597 0.44198 0.39523 0.29387 0.43323 -0.62147 0.14437 0.09262 -0.88456 1.80581 0.26317 0.24476 -0.67511 -0.53720 -0.67429 -1.48476 -0.14222 -0.11920 -0.45109 -0.96952 0.53053 0.56671 -0.02996 0.81311 0.30374 0.68556 1.58251 -1.50849 -1.24170 -0.47936 0.15278 -1.04741 -0.96227 -0.94536 1.32585 -0.24851 -1.04885 1.91915 -1.45077 -0.89781 -0.34457 -0.43606 1.44133 0.28534 -2.05583
16 -0.48122 1.13656 1.75500 -0.57240 0.47172 -0.91443 -0.81840 0.11719 0.07929 -0.20924 -0.14202 -0.61891 0.28674 -0.69694 0.31273 0.75937 -0.40266 1.31314 -1.15336 0.90983 -0.96724 -0.13563 -0.57101 -1.48322 -0.57781 -0.68109 0.85698 -0.78021 -0.46890 1.19813 0.20754 -0.08103 2.01134 1.45795 1.45835 -0.48914 -0.25589 -1.13261 1.13905 -0.96601 -1.34796 -0.50549 0.03849 -0.65835 -1.68081 0.37317 -0.61899 -0.94677 0.33221 -2.12188
17 1.73820 -0.32065 -1.38265 -0.01804 -1.20936 0.69645 0.40983 1.27513 -0.34404 0.78222 0.40459 0.06068 -1.19139 -0.81566 0.14099 -0.67730 -0.16906 -0.77067 0.04281 0.46263 0.02926 1.04516 2.29340 0.36480 -1.51403 0.07572 -1.92684 -0.54251 -0.10872 -0.36176 -0.24230 -0.05615 0.70850 -0.38269 -0.80056 -0.37086 0.56091 -1.23692 0.85165 -0.23662 0.25792 -0.94802 1.49290 1.35712 0.45490 -0.52175 2.27454 0.14486 0.09009 0.06192
18 0.35950 0.12450 -1.06303 0.67845 -0.14937 0.79626 0.42441 0.38753 1.01870 0.60288 -1.54134 2.58530 -0.80471 1.67282 -0.21981 -0.00229 -0.71631 -0.12654 0.90311 -0.65339 1.36580 1.17153 -0.00037 0.24797 1.52987 -0.75955 -0.26247 -0.75014 -0.04342 -0.21279 -1.14188 -0.34357 1.87224 0.04060 0.21363 0.39551 -0.00882 -0.67748 -2.38594 0.66290 0.73936 -0.03848 0.89566 0.35085 0.57955 -0.14465 0.30003 -0.65413 0.36766 1.28574
19 -0.36801 0.52413 0.18388 -2.01189 -0.43214 -0.10806 -1.42484 -0.65797 -1.08863 0.71616 -0.01820 -0.14810 0.67118 0.39029 -1.27316 -0.40573 0.02684 0.37142 0.13300 0.99954 -0.11963 1.44562 0.06019 -0.79556 1.61637 0.26323 -0.46205 0.97947 0.12240 -0.93982 0.70697 1.14720 -0.22347 -0.06798 -1.18526 0.87881 -0.65299 -1.11601 0.90803 0.32721 -1.72038 -1.05934 0.80432 0.40386 1.06121 0.53131 -2.25881 -0.39082 3.06855 1.63659
20 -0.52668 0.05148 -0.21440 -0.16783 0.10330 -0.39000 -2.61083 1.62070 0.85787 -1.28419 -0.38572 0.10256 2.03023 -0.96331 1.44607 0.08417 -0.38168 0.69871 -0.22926 0.23516 -0.67387 1.16611 0.77719 -0.65932 -0.23959 -1.72733 0.05993 -0.38972 -1.83423 0.45411 -0.28377 1.00543 0.25022 -0.62447 -1.72781 0.82461 -0.19110 -0.65832 2.02843 -0.79614 0.64829 -0.30087 2.62579 -0.70380 0.59658 -0.29310 0.89868 0.36622 -0.34923 -1.57267
21 -0.51478 -1.94573 -0.60192 -0.99627 -1.01679 1.84044 1.35768 0.94765 -0.16534 1.00316 1.25917 0.81978 2.12338 -0.95422 -1.95081 0.01370 0.63511 -0.19032 0.06972 -0.42670 -0.26340 0.39623 0.74977 0.53056 0.54105 0.52207 -0.55397 -1.10588 -0.17961 1.69400 -1.42272 -1.43242 -0.25538 -0.25754 0.26282 -0.13372 -0.00926 -0.60894 0.42994 0.32162 -0.10699 -1.17638 -1.03047 -1.09314 0.55993 -0.27516 0.67562 -0.91129 1.40452 -0.44733
22 -0.17190 -1.67223 -0.47697 -0.58978 -2.18779 -0.87967 0.89382 -0.57828 0.82069 -1.22512 -1.85728 -0.82680 -1.10368 -0.55606 0.36404 -1.14814 0.27495 1.32526 1.72692 -0.01122 -0.32261 1.34021 -0.58205 0.11714 1.24534 -2.65741 -0.36615 -1.38129 -0.83504 0.20475 -0.21279 -0.05375 1.01961 0.43938 1.29875 0.52449 -0.73940 0.18363 1.42654 -1.11144 0.10657 -0.76615 -1.23249 0.20970 -0.41419 -0.52691 0.91634 -0.26410 -1.88673 -0.48236
23 2.24053 1.52483 -0.30817 -0.54595 1.41708 -0.47055 1.22603 -1.02246 -0.71252 -0.60501 -1.30106 -0.57944 -0.40550 0.69745 0.40835 0.94393 -0.44214 -1.07204 0.57638 -0.79686 0.31947 0.53512 -0.93495 -2.23258 1.11958 0.65796 0.01395 0.35002 -0.03487 -0.97394 0.81715 -0.10294 0.92486 0.34153 0.91961 0.93242 -1.09403 0.38466 -0.13976 0.27261 -0.80303 -0.42009 1.24031 0.78312 -0.39999 0.50127 0.66116 -0.97800 0.09518 1.73043
24 -0.34863 -0.01324 -2.33772 1.17321 2.29797 -0.26829 -1.65960 0.60829 1.66892 -0.32322 -1.59363 -0.93603 -0.30874 0.67335 0.80331 0.83553 -1.06398 -0.46895 1.16016 -0.17563 -0.11994 1.13729 -0.85525 0.72171 0.76065 1.90300 0.10384 1.08453 1.35538 -0.52844 0.75676 -1.85741 2.68263 0.98575 2.14605 -0.39857 0.45876 0.43709 -0.33954 -1.46197 0.09164 1.59153 0.87190 -1.42017 0.01380 0.47932 0.01986 -0.57471 0.12841 0.77792
25 -0.25249 0.45317 -0.52189 0.24116 1.08544 0.30398 0.49513 -1.64523 -0.73839 -2.56986 0.91216 -1.44919 -0.43907 -1.78902 0.24203 -0.63153 -0.35900 0.70561 0.84294 0.41396 0.18043 0.76088 1.29201 -0.27104 -0.36632 1.29959 1.14035 -0.52386 0.32550 0.60073 1.92916 0.26122 -0.71688 -2.31975 -1.49708 -0.98442 -1.07507 0.61645 -1.59262 1.80832 0.37703 -0.35023 -0.34189 -0.09090 -1.30219 0.74174 -0.31132 0.59736 -1.18096 -1.07518
26 -0.63377 0.29168 -0.74306 -0.97381 1.15128 1.39007 1.43149 1.77350 2.17983 0.11582 -0.63953 0.08176 -0.45108 0.26861 2.25196 -0.90995 0.23225 -0.19114 -0.51371 -1.23270 -0.14235 0.12457 -1.38122 -1.63288 0.73206 -0.53917 -0.09828 0.81049 0.65438 1.71434 0.22860 -0.09517 0.33795 0.81362 0.87764 0.23046 -0.71888 -1.64899 -1.33242 1.15354 1.87276 -1.02978 2.56331 -1.12240 -1.14312 1.33117 0.88607 -0.09027 -1.63890 1.61638
27 1.62895 -1.23923 -0.71910 0.16983 0.50876 -2.14049 -0.38229 0.69867 -0.83736 1.21052 0.85787 2.14959 -0.07454 -1.83015 -0.71127 0.69802 1.94536 2.49484 0.57049 1.83475 0.82581 0.59648 1.18681 0.56674 1.04952 0.36094 -0.09509 0.86304 -1.05057 1.66306 0.22703 -1.39235 0.36630 -0.82911 0.27207 -0.90636 -0.14189 -0.65773 0.60330 1.29152 -0.53579 -0.79659 0.17501 1.94783 -1.03578 0.68794 -0.16158 1.05278 -0.97490 -0.34804
28 0.88773 0.78399 -0.56244 -0.74781 -0.64577 -2.15304 -0.09436 2.27146 0.65267 0.56220 -1.87229 0.12593 0.46273 0.39667 1.05790 -0.45372 -0.77858 -0.87056 0.13694 1.74512 1.02074 0.65908 1.04348 -0.12015 2.14042 -0.66969 -0.61288 1.17440 0.63754 -0.33493 -0.75056 -0.91974 1.98072 -0.94352 -0.98802 -2.50223 0.37172 0.99813 -0.06096 -2.61099 -1.26843 1.20867 -0.82643 2.36296 0.72857 1.71694 -2.45316 -0.29341 -0.09277 -1.35754
29 1.35733 -1.14926 -0.56854 -0.17356 0.44719 1.32243 -0.40834 -0.88230 -0.48769 0.33975 1.60792 -0.48553 0.71680 -0.48081 -0.04473 -0.67006 1.43038 1.37807 0.44295 0.83989 -0.74900 0.05824 -0.12507 0.22324 -0.93476 -0.28725 0.26005 -1.04494 -0.86514 -1.05477 -0.16761 0.74842 -0.55405 -2.26922 -0.73089 0.15864 0.55437 -0.70367 -0.40200 -0.53116 0.15908 0.89828 2.56167 -1.07900 1.29273 1.43653 -0.24846 0.92221 0.21599 1.77128
30 -1.95087 1.35596 0.18004 0.30566 -0.81405 -1.41722 1.24702 0.62441 -0.50155 0.15973 -2.53932 -0.08964 1.24229 0.88906 0.38219 -0.65878 1.35274 -0.54650 1.20679 -2.03539 0.67974 0.68071 0.56516 -0.28119 -0.12747 0.92856 0.09190 -1.38263 1.15695 0.04670 1.41644 -0.43216 -1.30930 0.77024 0.70205 -0.28715 -1.74994 0.90019 -0.96252 0.79832 0.49153 -1.06470 1.79859 -1.58138 -1.83477 -1.58610 -0.87799 0.70715 -0.16772 0.68092
31 -0.95730 -0.23968 0.25198 0.45678 -0.35238 -0.79357 1.59448 0.30486 1.08725 0.85002 0.12586 0.85915 -0.28995 -1.88927 -1.00464 -1.38064 -0.96877 -0.54271 0.85253 -1.59712 -0.86110 -1.02889 1.02658 1.21659 0.08246 1.62316 -0.49618 -0.72224 -0.25652 -2.07872 0.13107 -0.17109 0.03946 1.09306 -0.27719 -0.97210 -2.69407 0.38921 -0.07723 0.06869 -0.16424 0.44547 -0.59649 -0.65507 -0.95102 -0.11018 2.21029 0.88639 0.30659 1.67859
32 -0.47104 -0.92281 0.00510 -0.94696 1.35793 -1.04453 1.88566 -0.12600 0.35561 0.21976 0.11299 1.53341 -0.26296 -0.12045 0.25466 -0.18265 -1.51170 -0.25656 0.20193 0.60031 0.57998 0.30256 -0.01447 2.78978 -0.59142 -0.69651 0.19572 -0.83140 -0.92850 0.97840 -0.68057 -0.83336 -0.67590 -0.77233 -0.96687 0.07269 0.01549 1.23350 0.55594 -0.02742 1.06964 1.00724 0.34281 -0.40851 1.87707 -1.94712 0.05606 -1.12215 -0.97191 2.83185
33 0.63858 -0.33619 -0.18512 -0.31136 0.11793 -1.56931 -0.28058 0.79056 1.33546 -0.80756 -0.10452 -0.82354 -0.12509 -0.33009 -0.44414 0.08100 0.21741 0.75697 0.06450 0.77510 1.32998 0.96393 0.00669 -1.28825 0.69998 -1.04681 -1.20949 1.39996 0.78537 -1.04764 -0.34303 -0.53853 0.66408 0.51991 1.17775 0.33997 1.01773 -0.66278 0.36334 -0.04468 0.47931 -1.78877 -0.48974 -0.16690 1.34941 0.97955 1.76185 0.29409 0.10744 0.29356
34 -0.76661 -1.45150 0.40516 1.81399 0.89085 -0.26165 2.12744 -0.96580 2.14986 -1.68009 -1.07169 -0.48908 0.43459 -1.57663 0.46567 1.30740 0.32911 0.46749 -0.66478 -1.56130 -0.64408 0.09962 1.36440 2.15490 1.87836 0.15052 1.27291 -0.17984 1.71662 -0.20786 -0.77176 0.04986 0.73284 -0.36241 -0.19844 -0.49574 1.00601 0.98376 -1.68517 1.01237 -1.07222 -0.05507 -0.41492 -0.56164 0.82069 0.03826 1.25505 -0.00475 -1.04188 -0.28467
35 0.75719 1.03936 -0.25074 0.74270 -0.23205 -0.06121 0.33865 -0.31918 -0.89367 0.82512 0.46647 0.34684 1.08376 -0.44238 1.30255 -2.33854 0.09841 -0.57786 -0.15514 -0.08494 -0.28348 0.77313 -0.72823 -0.46974 1.29467 -1.46325 0.24519 0.16977 0.26509 -0.65805 1.73319 -1.17668 1.53684 -0.76913 0.63259 -0.16907 -0.21415 -0.63560 -0.86111 -0.78140 -0.10640 -0.87826 -0.70243 -0.27014 -1.03061 -0.48856 0.15117 0.05781 -0.68565 -1.66516
36 0.38421 0.37943 1.93389 0.24987 -0.22863 -0.00822 0.68664 -0.15155 0.25518 1.76611 -0.94228 -0.30106 -1.09698 0.09886 0.93074 0.58950 0.06225 -0.01345 0.27100 0.31382 -0.18527 -0.53773 1.92701 -0.07279 0.56222 -0.77332 -0.85336 -0.51226 -0.03220 0.27783 0.92667 -0.66386 1.27165 0.02831 -0.93160 -0.89999 0.84379 0.74745 -0.84956 -1.15647 1.25423 -0.79807 0.96810 0.90434 0.27383 -1.42011 -0.05471 0.03750 -0.31988 1.60132
37 0.34069 0.87802 1.32441 1.07162 -0.57772 -1.55749 -1.40542 -0.15481 0.41961 0.40050 -0.17754 -1.47857 1.33383 0.25532 -0.09778 0.09305 0.19488 0.38841 -0.47890 -0.15081 0.36645 -0.34396 0.68475 -0.58403 0.98810 -1.48277 2.35517 1.19706 0.24843 -0.29928 -0.33237 -0.85733 -0.26402 0.16519 1.36011 -0.00937 0.13653 2.98962 0.65119 -0.56472 -0.16704 -1.12426 -1.65597 1.35409 -0.42149 -0.52049 -0.50718 1.14545 -0.94412 -0.05836
38 0.54240 0.76629 -1.68497 0.38086 -2.16656 -0.75455 0.18643 -0.30761 -0.15802 0.22516 1.64771 1.16379 -0.56207 0.27513 -1.53581 -0.92335 0.73953 -0.66898 0.48825 -0.53841 0.16643 -0.34188 -0.66063 -1.19212 -0.22494 -0.31138 1.29631 1.65802 0.82052 1.99188 0.94073 0.53998 -0.65383 0.38781 -0.75228 -1.95709 -1.12349 0.08817 0.83646 1.60753 0.63295 0.29960 -1.83982 0.85907 -0.00639 1.22633 0.44667 -0.42911 -0.63363 -2.13355
39 -1.64438 -0.87403 -1.55245 -0.06666 0.40369 -1.47591 0.69301 1.85275 -0.66124 1.27108 -0.39518 0.63385 0.23236 0.62604 1.12661 0.67292 1.50868 -0.27406 2.11416 0.70817 -0.22712 -0.10470 -0.69984 1.31064 -0.98236 0.30266 -1.00951 0.53205 0.50195 0.00557 -1.35424 -0.42980 -0.75754 -1.83527 -0.60376 -2.63435 -0.56544 -0.83584 0.36489 0.21116 -0.87878 -0.43650 -0.55827 -1.43781 0.94748 0.98174 0.11856 0.66815 -1.01048 0.61564
