0,1	-0.9376691
0,10	12.7568410
0,13	-8.0204655
0,16	10.7656459
0,19	3.0450401
0,22	1.4582210
0,25	1.1825264
0,28	-3.5425082
0,31	-4.8509192
0,34	-0.4816467
0,37	-0.7567735
0,4	-5.9321169
0,40	-3.4948982
0,43	3.9208839
0,46	0.7012248
0,49	0.8644576
0,7	-3.1278887
1,0	9.8360176
1,12	-0.2720083
1,15	1.4233990
1,18	-2.0858778
1,21	-7.5434752
1,24	5.4706700
1,27	1.6120308
1,3	16.9632192
1,30	-2.4212127
1,33	0.1729901
1,36	5.5847811
1,39	-5.3794951
1,42	5.0674057
1,45	-3.0825867
1,48	-3.0489227
1,6	11.3581053
1,9	2.4032160
10,0	1.5038375
10,12	9.9910083
10,15	-6.1532688
10,18	-3.2397296
10,21	9.9179238
10,24	-7.7686836
10,27	3.7033360
10,3	2.4690327
10,30	21.8174874
10,33	-8.9732435
10,36	-13.8643836
10,39	8.1098888
10,42	4.4146128
10,45	-3.0260255
10,48	8.8581324
10,6	-7.5061235
10,9	-7.5618991
11,11	-8.7170690
11,14	3.5020240
11,17	5.1130744
11,2	0.9819669
11,20	-4.3352375
11,23	7.1712873
11,26	-2.7301633
11,29	8.8650196
11,32	3.8448124
11,35	-0.5699665
11,38	-6.6929329
11,41	3.0376459
11,44	-7.7663604
11,47	8.1607459
11,5	3.7144594
11,8	5.3374174
12,1	16.7440086
12,10	-4.5514403
12,13	11.9981619
12,16	4.9827377
12,19	0.5224321
12,22	-13.4968828
12,25	-7.7116194
12,28	5.4608655
12,31	-7.6044169
12,34	2.4658772
12,37	6.3401672
12,4	-2.8450984
12,40	7.3327340
12,43	-2.2972584
12,46	-3.6674765
12,49	3.8651065
12,7	-1.8404196
13,0	6.1794179
13,12	-8.1302953
13,15	-6.9845627
13,18	13.3931441
13,21	5.9386237
13,24	5.0489386
13,27	5.8628583
13,3	-6.7085244
13,30	5.1694524
13,33	-4.9662969
13,36	-8.2295310
13,39	3.8010722
13,42	-6.5334164
13,45	-4.1431074
13,48	2.1173383
13,6	-5.8473333
13,9	2.7072655
14,11	12.2832729
14,14	0.3078442
14,17	-15.0737862
14,2	-17.5023343
14,20	5.0923749
14,23	1.3436224
14,26	-0.2891172
14,29	9.0555504
14,32	3.6280258
14,35	-7.2194531
14,38	-9.1135363
14,41	6.7968071
14,44	-3.7920959
14,47	-6.2032205
14,5	0.0191820
14,8	-1.6782176
15,1	-0.4562344
15,10	20.6151054
15,13	-1.7395544
15,16	1.1624337
15,19	-6.2813986
15,22	-1.7081942
15,25	7.5610791
15,28	-2.9215747
15,31	4.9688711
15,34	-4.4216458
15,37	5.6091778
15,4	-2.5560287
15,40	-9.6507719
15,43	3.9867426
15,46	6.9366637
15,49	12.7418011
15,7	-8.8899230
16,0	-1.2555051
16,12	-6.6433280
16,15	1.9723713
16,18	0.8498023
16,21	-4.1738288
16,24	-2.1822561
16,27	1.0349365
16,3	0.2019852
16,30	8.3715686
16,33	7.9460282
16,36	1.4724115
16,39	-9.3813979
16,42	-14.0629716
16,45	-0.5943913
16,48	0.4568091
16,6	-2.0148434
16,9	-4.4034441
17,11	-1.1418625
17,14	7.7654649
17,17	-1.2641752
17,2	3.0019339
17,20	7.4566727
17,23	-5.2565265
17,26	4.3588496
17,29	-0.9452004
17,32	-3.3957242
17,35	3.2509081
17,38	-6.1633741
17,41	-3.1803493
17,44	-6.0086195
17,47	0.8950759
17,5	1.6901219
17,8	-3.6385066
18,1	-2.1171634
18,10	1.1924825
18,13	-4.9626068
18,16	-4.8692338
18,19	-4.7437696
18,22	13.5260992
18,25	3.1345403
18,28	7.8220266
18,31	-0.2644714
18,34	-3.2031917
18,37	0.9134325
18,4	4.6395626
18,40	7.6305376
18,43	13.5346383
18,46	2.8791863
18,49	0.7484773
18,7	-5.3896358
19,0	7.5116627
19,12	-7.3779745
19,15	-6.3504194
19,18	4.0122918
19,21	-3.1324217
19,24	3.9803833
19,27	2.8783947
19,3	-0.4175945
19,30	5.0143183
19,33	-3.8345277
19,36	-2.1951899
19,39	20.1786419
19,42	-5.5630951
19,45	5.1251885
19,48	7.2816236
19,6	2.1088579
19,9	-8.2158740
2,11	2.5198215
2,14	8.0628524
2,17	2.6743980
2,2	2.7449381
2,20	0.0260446
2,23	-5.5529476
2,26	7.5084140
2,29	-4.7077390
2,32	11.0020664
2,35	1.5050305
2,38	2.0127368
2,41	2.0644717
2,44	-0.9754097
2,47	4.3897695
2,5	-1.0242167
2,8	-7.6766185
20,11	-2.2131467
20,14	8.7243790
20,17	-6.0581468
20,2	-1.2276742
20,20	-1.8615278
20,23	-8.9262575
20,26	0.6972832
20,29	1.3059443
20,32	-3.2844175
20,35	-1.0938335
20,38	3.3180535
20,41	-2.6587408
20,44	0.2873143
20,47	-4.5291183
20,5	1.0542725
20,8	-9.0677273
21,1	-5.5068059
21,10	3.9756172
21,13	-8.5738912
21,16	6.4418471
21,19	9.5158495
21,22	-5.7253916
21,25	-0.9007480
21,28	-10.4389643
21,31	-7.8601708
21,34	3.9382536
21,37	-8.7852171
21,4	9.9475457
21,40	7.3497408
21,43	-3.9917908
21,46	-7.2175570
21,49	8.7229186
21,7	1.8572529
22,0	-10.0672947
22,12	13.6510165
22,15	-7.0507953
22,18	1.5300540
22,21	-3.3712528
22,24	4.5596338
22,27	1.4033367
22,3	0.3953376
22,30	-17.6707519
22,33	-3.5631392
22,36	-0.8736552
22,39	-4.9279430
22,42	-8.8023643
22,45	4.8916443
22,48	-5.1947805
22,6	0.2254559
22,9	1.9318009
23,11	0.4160650
23,14	-4.6128784
23,17	1.3218361
23,2	-6.9144884
23,20	-2.0500214
23,23	-3.2786349
23,26	6.5249709
23,29	6.2565219
23,32	1.2170615
23,35	-4.7901063
23,38	-0.8210210
23,41	-4.6341896
23,44	-5.4274282
23,47	-5.2109070
23,5	5.3737261
23,8	-3.2302400
24,1	-4.9642946
24,10	-8.1505492
24,13	1.1481103
24,16	5.3639774
24,19	-0.0485261
24,22	-3.3277357
24,25	5.3769198
24,28	8.1194019
24,31	-5.8277985
24,34	0.5356615
24,37	-8.1571437
24,4	-1.0063943
24,40	2.4777589
24,43	7.7679036
24,46	-5.6233914
24,49	4.7456700
24,7	-4.3158871
25,0	1.5131702
25,12	3.0743648
25,15	6.6674887
25,18	-6.2865871
25,21	1.1798620
25,24	-2.2306391
25,27	0.6987167
25,3	4.7617893
25,30	-2.0276965
25,33	-0.1916350
25,36	3.7435304
25,39	-4.3546880
25,42	14.8585476
25,45	-3.5467911
25,48	3.2786474
25,6	8.0443597
25,9	1.7160295
26,11	4.7404624
26,14	-1.2691630
26,17	2.6927865
26,2	3.5402522
26,20	-4.5574450
26,23	6.4268598
26,26	5.4489311
26,29	0.7820188
26,32	0.4353575
26,35	-1.0067591
26,38	12.5344861
26,41	6.4820543
26,44	19.9150369
26,47	2.8105696
26,5	4.2550628
26,8	-2.2411476
27,1	2.8421831
27,10	1.2509729
27,13	10.8632024
27,16	2.2893084
27,19	4.4043802
27,22	-14.7344800
27,25	-3.1483049
27,28	8.0180560
27,31	3.8801837
27,34	15.6129927
27,37	-9.6481175
27,4	0.7839389
27,40	-7.0357041
27,43	-11.5265983
27,46	5.2819240
27,49	-13.5495584
27,7	-7.9759103
28,0	-7.1480359
28,12	8.4335885
28,15	6.4669584
28,18	-0.4564396
28,21	-3.9789204
28,24	-5.1798033
28,27	-4.7360119
28,3	-9.6698650
28,30	7.1026452
28,33	-9.9932899
28,36	-7.2718233
28,39	-3.3754186
28,42	17.9004920
28,45	4.9656445
28,48	5.6381254
28,6	-2.2655270
28,9	4.9662529
29,11	1.9181352
29,14	0.0687819
29,17	-1.9018437
29,2	6.4134346
29,20	-8.9177040
29,23	16.6546196
29,26	9.6643085
29,29	2.2957424
29,32	-6.6650038
29,35	-6.7223263
29,38	6.0039191
29,41	13.7519043
29,44	3.2546124
29,47	-1.0203015
29,5	0.9332038
29,8	2.1024547
3,1	4.0623665
3,10	5.9834859
3,13	3.2121430
3,16	3.9360793
3,19	3.2414916
3,22	-0.2644878
3,25	-14.8876626
3,28	4.7669301
3,31	4.0629165
3,34	0.8892385
3,37	6.6066374
3,4	-9.1359571
3,40	0.5992108
3,43	6.1360361
3,46	10.0563317
3,49	-3.3568772
3,7	-6.6481038
4,0	-1.0012814
4,12	-5.8360246
4,15	-13.2721145
4,18	7.7673054
4,21	9.1451388
4,24	-2.6275185
4,27	-2.0403263
4,3	0.3328539
4,30	6.4157165
4,33	-0.1644991
4,36	-8.6321327
4,39	2.3942794
4,42	-1.0505901
4,45	-7.0382632
4,48	-0.4562298
4,6	15.9495640
4,9	-6.7375114
5,11	-5.9300778
5,14	15.8668277
5,17	-1.7642847
5,2	7.9167673
5,20	3.8338060
5,23	-12.0293397
5,26	-0.2175985
5,29	-9.2409562
5,32	-4.8668329
5,35	12.2987787
5,38	-1.6296180
5,41	-3.1778375
5,44	-2.0749498
5,47	4.6155350
5,5	-10.4630242
5,8	5.6903148
6,1	-1.7309469
6,10	-11.7171033
6,13	3.1047747
6,16	3.6558643
6,19	-2.0927590
6,22	-3.2984105
6,25	4.1504047
6,28	8.8725749
6,31	-11.2534559
6,34	6.7641145
6,37	-2.6430920
6,4	3.6339780
6,40	2.3001315
6,43	3.0387518
6,46	3.4450753
6,49	2.8291069
6,7	0.1607378
7,0	5.0395495
7,12	-6.8315463
7,15	5.6326437
7,18	11.7407886
7,21	11.3444495
7,24	18.8172121
7,27	-1.7707569
7,3	-9.6279089
7,30	-4.5073072
7,33	0.1341509
7,36	3.5639233
7,39	3.7900654
7,42	1.2259178
7,45	-3.0147294
7,48	-1.5645619
7,6	1.9393857
7,9	-1.8392242
8,11	0.8913355
8,14	-5.9566392
8,17	-5.6352597
8,2	8.9520111
8,20	-5.9389756
8,23	1.5155624
8,26	3.2887350
8,29	-7.0929385
8,32	2.9268059
8,35	-1.2431638
8,38	12.8437769
8,41	-0.1524764
8,44	2.3872817
8,47	2.1530481
8,5	-2.9757642
8,8	-4.4063652
9,1	-3.8477386
9,10	-11.8318449
9,13	-4.1973049
9,16	13.0895742
9,19	-11.0184643
9,22	4.6084769
9,25	-1.1831995
9,28	-2.6667542
9,31	3.8697224
9,34	1.9843964
9,37	1.1041911
9,4	-7.2804355
9,40	9.3173048
9,43	-2.3969915
9,46	-2.7524072
9,49	-7.6657275
9,7	-6.9878566
