0,0	5.2566021
0,12	0.3397150
0,15	1.3295451
0,18	2.6083682
0,21	-4.8065162
0,24	0.6168318
0,27	-0.0896267
0,3	-1.0720820
0,30	4.4145925
0,33	1.0469664
0,36	-7.4617880
0,39	6.5577509
0,42	-5.7793578
0,45	4.4500820
0,48	-2.6888361
0,6	-3.7525416
0,9	8.3298451
1,11	2.7815244
1,14	-9.2055761
1,17	-9.0238266
1,2	9.6204120
1,20	-2.7317754
1,23	-0.7112469
1,26	4.6560345
1,29	-14.0676588
1,32	-2.0824138
1,35	13.8921240
1,38	-2.8703160
1,41	2.1450386
1,44	-0.3857746
1,47	-3.6933630
1,5	1.7375121
1,8	2.7609248
10,11	-12.0728693
10,14	-5.7250221
10,17	3.8795184
10,2	0.9670357
10,20	-10.9488272
10,23	-11.9520973
10,26	11.6159489
10,29	-7.2428001
10,32	-4.1723485
10,35	0.3043247
10,38	2.8829818
10,41	-5.5744441
10,44	-7.6635534
10,47	6.3847933
10,5	11.1039999
10,8	-3.7365316
11,1	-2.1298374
11,10	-4.9315531
11,13	-8.8608197
11,16	1.8403033
11,19	-13.8600348
11,22	12.7707815
11,25	8.7441642
11,28	-0.5045927
11,31	-6.6482186
11,34	-2.2522180
11,37	4.6305156
11,4	5.4043486
11,40	3.2793823
11,43	3.9044527
11,46	2.7317301
11,49	-1.6357219
11,7	5.4259319
12,0	-1.9137664
12,12	3.7797657
12,15	0.5066850
12,18	-3.1012453
12,21	-6.3221028
12,24	2.2350465
12,27	-0.0373914
12,3	2.6402108
12,30	10.7501232
12,33	4.9242600
12,36	0.2927419
12,39	0.3746818
12,42	-1.4733093
12,45	1.3563817
12,48	-16.0485726
12,6	2.0244720
12,9	8.0041635
13,11	-1.1792532
13,14	-1.0084968
13,17	0.7786888
13,2	-1.9108308
13,20	8.5338178
13,23	1.5912747
13,26	2.3352580
13,29	-4.2184147
13,32	10.8166423
13,35	-0.4252440
13,38	9.4234723
13,41	-11.2138382
13,44	-2.4846016
13,47	-4.8383920
13,5	-6.1859805
13,8	-5.5698824
14,1	7.8105845
14,10	6.2056711
14,13	12.3353840
14,16	-7.6982489
14,19	-0.6187829
14,22	-5.4709380
14,25	5.7755287
14,28	3.7753120
14,31	1.5946155
14,34	-4.4314807
14,37	7.3883887
14,4	7.1490695
14,40	-6.6081294
14,43	-1.6822376
14,46	-9.5333473
14,49	0.6145763
14,7	-3.5164381
15,0	5.0333495
15,12	-7.5439117
15,15	-8.6780625
15,18	1.3062917
15,21	-9.9993009
15,24	-4.3658022
15,27	-5.8971781
15,3	-8.5366070
15,30	1.2616066
15,33	0.1449870
15,36	-9.6300303
15,39	7.5516726
15,42	-8.0157602
15,45	5.5322631
15,48	-0.5373864
15,6	11.2231094
15,9	-0.1762216
16,11	-5.2960259
16,14	-9.0934656
16,17	2.4782570
16,2	6.2578313
16,20	2.8322931
16,23	-11.6576503
16,26	3.7048276
16,29	5.5835896
16,32	10.4978750
16,35	-3.4139193
16,38	-4.8564889
16,41	-2.2664763
16,44	-11.6520410
16,47	-0.9413370
16,5	-2.1437949
16,8	-3.2462326
17,1	3.9048359
17,10	-2.2819492
17,13	1.1688122
17,16	-2.7904325
17,19	-7.6881022
17,22	4.0627050
17,25	8.7375069
17,28	4.4065299
17,31	0.2797252
17,34	4.2490329
17,37	6.5080498
17,4	2.2642215
17,40	-2.3132281
17,43	0.3732671
17,46	-8.6456853
17,49	-1.4756729
17,7	5.5242944
18,0	5.8858246
18,12	-10.0977538
18,15	-8.7290465
18,18	0.8090835
18,21	-0.9088651
18,24	9.1656187
18,27	7.3539363
18,3	7.3872465
18,30	3.1344115
18,33	-3.2763844
18,36	7.1304677
18,39	1.3165719
18,42	9.4471833
18,45	4.5001907
18,48	3.4546828
18,6	1.9534860
18,9	4.9477979
19,11	-2.5620080
19,14	5.0713552
19,17	2.5363053
19,2	3.9229064
19,20	6.1253359
19,23	0.0696016
19,26	4.3873292
19,29	-4.3431123
19,32	-1.2193577
19,35	10.1740310
19,38	-14.3277511
19,41	-4.6794959
19,44	0.3153595
19,47	-4.0407992
19,5	10.5860888
19,8	-6.7253204
2,1	10.8734566
2,10	5.2659647
2,13	5.2737924
2,16	-2.9557989
2,19	6.5993944
2,22	-5.2940606
2,25	-10.8838404
2,28	-0.0730910
2,31	3.6288237
2,34	2.9175760
2,37	-0.4336263
2,4	-3.7577910
2,40	-3.8923433
2,43	-10.7237480
2,46	-12.2215880
2,49	-4.1578111
2,7	-10.6583940
20,1	3.8743059
20,10	6.3268500
20,13	5.0578830
20,16	2.9046889
20,19	-1.5449160
20,22	-3.2175061
20,25	2.9730693
20,28	-0.3869972
20,31	-2.6645945
20,34	-4.9821929
20,37	3.5432637
20,4	4.3834038
20,40	-3.6391209
20,43	-2.9414116
20,46	-8.5571009
20,49	-3.5464600
20,7	1.0698983
21,0	-1.2499002
21,12	7.1953860
21,15	11.5776319
21,18	-5.8700690
21,21	10.6429813
21,24	11.8682799
21,27	-6.4457447
21,3	-5.9221850
21,30	-6.5959339
21,33	-7.7447890
21,36	8.0966113
21,39	2.6714596
21,42	-2.8104009
21,45	3.5367149
21,48	-3.0831888
21,6	-1.8618910
21,9	-0.6030113
22,11	10.8661612
22,14	-2.1156648
22,17	-5.6040542
22,2	4.7427303
22,20	4.5080352
22,23	-1.0291356
22,26	3.4147983
22,29	-0.0665034
22,32	-16.1236536
22,35	0.0418632
22,38	2.3178362
22,41	4.2417229
22,44	10.6401275
22,47	1.4550555
22,5	-7.9315018
22,8	5.3486714
23,1	-0.6379224
23,10	1.0736752
23,13	0.0103396
23,16	3.8810405
23,19	-1.2130898
23,22	3.1849804
23,25	12.7499777
23,28	-0.1445679
23,31	3.6375303
23,34	4.2265983
23,37	-1.7785851
23,4	4.9058631
23,40	-9.9767512
23,43	2.9810920
23,46	-6.4090516
23,49	-4.4068137
23,7	6.1703844
24,0	0.4745789
24,12	2.3662516
24,15	-3.1641198
24,18	1.1421943
24,21	2.3401941
24,24	2.0082284
24,27	6.1696167
24,3	1.0786463
24,30	-3.9634780
24,33	-0.1482190
24,36	6.5568833
24,39	-0.4693161
24,42	-6.0303650
24,45	5.0275515
24,48	6.6214453
24,6	5.6921694
24,9	-6.1502296
25,11	-1.3998657
25,14	16.3511955
25,17	-11.4896869
25,2	0.6884534
25,20	-0.2532555
25,23	-3.3587692
25,26	-4.8122592
25,29	-4.7472529
25,32	-3.5524500
25,35	3.7338760
25,38	-9.2569723
25,41	9.0130891
25,44	5.0027033
25,47	3.1341147
25,5	5.5758805
25,8	4.4727119
26,1	-6.1808926
26,10	2.1081830
26,13	4.5819448
26,16	-2.4895789
26,19	10.0155577
26,22	-4.2339869
26,25	-1.2325747
26,28	-10.8284717
26,31	-5.2293422
26,34	-6.9719673
26,37	2.7761269
26,4	5.0546570
26,40	-3.2606658
26,43	-5.9997582
26,46	-3.8584040
26,49	13.2405204
26,7	1.6915564
27,0	8.2096900
27,12	-6.3658540
27,15	0.2390492
27,18	0.1741005
27,21	-12.6711670
27,24	-1.9059859
27,27	7.4289173
27,3	-0.5467871
27,30	2.1542195
27,33	7.8700624
27,36	-12.3680656
27,39	3.2933424
27,42	4.9877983
27,45	11.6901196
27,48	-2.3373755
27,6	6.6973552
27,9	2.1460860
28,11	1.3279546
28,14	-4.5781077
28,17	-2.0945047
28,2	7.0090906
28,20	-9.8574283
28,23	0.4005049
28,26	-2.5766163
28,29	-0.5706067
28,32	0.2332389
28,35	-8.8829240
28,38	2.6488745
28,41	0.5194748
28,44	-5.8128910
28,47	5.3735556
28,5	1.7973365
28,8	-4.5458335
29,1	1.3479458
29,10	5.6258091
29,13	1.1690843
29,16	-6.7142504
29,19	9.1790401
29,22	-1.9165281
29,25	9.6434542
29,28	-5.2728388
29,31	-3.2205078
29,34	-1.7389463
29,37	6.6166996
29,4	15.6870172
29,40	-6.3076410
29,43	-4.8177089
29,46	-9.3486362
29,49	7.7172475
29,7	0.1168695
3,0	11.4658055
3,12	-11.2726351
3,15	-4.8348427
3,18	-3.0078612
3,21	1.7481322
3,24	5.7181111
3,27	5.2522839
3,3	7.5564464
3,30	-2.0733138
3,33	-2.2980316
3,36	13.4391249
3,39	0.2971835
3,42	-0.7679871
3,45	0.2324638
3,48	-9.4484279
3,6	2.1284984
3,9	6.7810226
4,11	1.4842439
4,14	8.3717958
4,17	-13.1499527
4,2	-8.3899363
4,20	6.2624363
4,23	-4.5085121
4,26	-6.9105132
4,29	-7.7630912
4,32	-9.6319513
4,35	0.3581223
4,38	-9.3255957
4,41	-1.3024862
4,44	-0.4829796
4,47	0.4593068
4,5	-3.5756901
4,8	3.0432666
5,1	6.6178696
5,10	-13.7453724
5,13	5.2068321
5,16	-3.1082025
5,19	-6.0810224
5,22	-8.0484437
5,25	-8.6571811
5,28	3.0595610
5,31	12.6539914
5,34	10.6422006
5,37	-0.7129992
5,4	-2.4420915
5,40	-4.0217431
5,43	-1.8864203
5,46	-9.0906919
5,49	-8.7801715
5,7	2.4364948
6,0	-9.8121302
6,12	-3.3444523
6,15	-1.4540849
6,18	12.0603102
6,21	-8.6272702
6,24	-9.3167419
6,27	7.7981532
6,3	-1.8937269
6,30	0.6477417
6,33	6.4682904
6,36	-4.8424538
6,39	1.2572403
6,42	-5.0920575
6,45	7.6920685
6,48	-2.9912281
6,6	8.7794297
6,9	-1.4910145
7,11	4.8098901
7,14	3.1396478
7,17	13.6364184
7,2	6.0584570
7,20	9.2507134
7,23	3.8392855
7,26	-4.0942845
7,29	-1.0191409
7,32	11.0876229
7,35	4.5827393
7,38	2.5739195
7,41	-11.3179777
7,44	10.7059123
7,47	-6.5002791
7,5	-1.6115123
7,8	1.7541765
8,1	-4.9609092
8,10	-7.8150207
8,13	14.0595126
8,16	-1.4741409
8,19	2.8543916
8,22	-10.7902314
8,25	-12.7506370
8,28	-2.2636311
8,31	4.0927306
8,34	-0.2363225
8,37	1.4510040
8,4	-20.9917211
8,40	2.1513655
8,43	-9.0242511
8,46	7.0012274
8,49	7.6121896
8,7	-11.6743275
9,0	-6.7253604
9,12	0.9956696
9,15	3.7208132
9,18	2.3469663
9,21	-4.5364402
9,24	-12.0332592
9,27	-14.6715858
9,3	6.9312244
9,30	-1.4235447
9,33	-4.7352718
9,36	-2.6645246
9,39	15.0106220
9,42	-3.1644742
9,45	-10.5878672
9,48	-4.5083863
9,6	11.8833659
9,9	-3.5285442
