0,11	4.2005742
0,14	-11.5083911
0,17	10.2135410
0,2	4.5852243
0,20	-1.8434255
0,23	-0.9994264
0,26	3.1641694
0,29	0.4493265
0,32	-0.4198535
0,35	-2.9556643
0,38	6.1719945
0,41	-1.2984280
0,44	-5.5372785
0,47	5.5625865
0,5	-6.4082801
0,8	-5.9349479
1,1	-1.2351080
1,10	-15.0240118
1,13	9.0319289
1,16	-2.2585956
1,19	-8.4388730
1,22	-10.5697860
1,25	-7.0541338
1,28	9.9584588
1,31	3.9723052
1,34	6.1755019
1,37	3.0501919
1,4	1.9513857
1,40	5.2897259
1,43	-10.9242344
1,46	19.2666781
1,49	3.2824258
1,7	-12.3556105
10,1	8.9005491
10,10	7.0069574
10,13	-9.3582349
10,16	-0.5606740
10,19	0.5205733
10,22	-2.9929643
10,25	-2.2196331
10,28	-2.9333487
10,31	26.9003463
10,34	-5.4333412
10,37	-8.5688297
10,4	3.3302935
10,40	-1.7079471
10,43	-15.9318022
10,46	7.6092698
10,49	-9.5790713
10,7	-9.4866873
11,0	3.3683779
11,12	-0.2937306
11,15	6.7852087
11,18	-13.7116071
11,21	-2.0313086
11,24	-10.3846968
11,27	-7.9706470
11,3	8.7965292
11,30	-3.2110282
11,33	5.3671403
11,36	4.8390953
11,39	-1.3324297
11,42	6.6037700
11,45	-5.1591311
11,48	-1.6036306
11,6	3.2095882
11,9	-3.6761021
12,11	1.8018929
12,14	4.0220744
12,17	-8.1033960
12,2	8.7358485
12,20	0.2316097
12,23	-14.7549315
12,26	12.3353964
12,29	5.2874309
12,32	-3.4673657
12,35	-5.9771301
12,38	1.1478577
12,41	-0.7350562
12,44	-2.2689816
12,47	-2.8409426
12,5	-3.0674806
12,8	-1.4074371
13,1	-1.3842908
13,10	-3.6246613
13,13	9.3860118
13,16	-12.0835654
13,19	6.0245423
13,22	1.0016694
13,25	-11.8546287
13,28	-0.2298294
13,31	2.2573228
13,34	3.5293857
13,37	6.3572505
13,4	-6.5884589
13,40	-0.8284600
13,43	2.2535228
13,46	-3.2483510
13,49	-2.3176354
13,7	-3.3413292
14,0	-0.1060517
14,12	-10.3596761
14,15	6.1926902
14,18	0.9002418
14,21	-1.5516380
14,24	5.6000305
14,27	-0.0197618
14,3	6.3682155
14,30	-2.0083615
14,33	-4.5024882
14,36	4.6196997
14,39	0.9892463
14,42	4.6216986
14,45	0.7541450
14,48	1.2365700
14,6	-5.2747481
14,9	12.9605551
15,11	0.8416008
15,14	-9.3745123
15,17	-4.7237087
15,2	-0.1481665
15,20	-0.4381350
15,23	-5.0099930
15,26	-1.8924751
15,29	0.9905135
15,32	-12.4780900
15,35	2.0288244
15,38	0.2949953
15,41	-3.9462249
15,44	-2.4061692
15,47	-3.1825576
15,5	8.8680447
15,8	-11.2247112
16,1	3.9546111
16,10	-3.5611874
16,13	4.6315681
16,16	1.6316871
16,19	2.5900369
16,22	-3.4596049
16,25	2.7710183
16,28	-1.7527391
16,31	-3.9676315
16,34	11.0172582
16,37	1.8154697
16,4	2.1506913
16,40	0.3562323
16,43	4.4648133
16,46	-2.2202033
16,49	-0.8831682
16,7	-1.1828851
17,0	1.6742713
17,12	4.4180102
17,15	-8.7264431
17,18	-0.7438441
17,21	-1.1593301
17,24	-0.3947330
17,27	-0.8486367
17,3	-1.8547369
17,30	-1.2766207
17,33	-0.7247164
17,36	-2.6936993
17,39	4.7037485
17,42	2.8501395
17,45	4.4199346
17,48	1.7357484
17,6	1.0490822
17,9	-6.7351757
18,11	-0.5236421
18,14	-1.0554549
18,17	-7.1294668
18,2	-11.4344354
18,20	5.1652196
18,23	-0.7078655
18,26	-0.1813064
18,29	-2.5002128
18,32	6.4833036
18,35	-3.7536540
18,38	-14.7242929
18,41	-0.9723596
18,44	-6.5152722
18,47	-2.7958518
18,5	-2.5479892
18,8	8.4239072
19,1	-7.7081103
19,10	11.5928558
19,13	-1.8277542
19,16	-4.6913073
19,19	-10.8530197
19,22	-3.2932451
19,25	7.1459317
19,28	11.0523197
19,31	2.1278592
19,34	1.5412890
19,37	3.1105599
19,4	3.7462231
19,40	-3.0358631
19,43	-3.6936009
19,46	-7.2145169
19,49	-1.7012347
19,7	-15.5261186
2,0	7.5965130
2,12	2.8133191
2,15	2.9109296
2,18	-1.5559522
2,21	3.2483274
2,24	9.8658092
2,27	-4.4207698
2,3	-2.1072062
2,30	0.8151400
2,33	-8.1432218
2,36	0.9539290
2,39	-1.0606013
2,42	13.5875858
2,45	5.2002825
2,48	0.1833571
2,6	-7.9707711
2,9	-0.2840464
20,0	-6.0608685
20,12	5.1952813
20,15	-2.7168109
20,18	5.3637359
20,21	-7.0318036
20,24	-6.2071331
20,27	-5.9121289
20,3	-4.4814021
20,30	9.7134358
20,33	-0.4205399
20,36	-1.1377833
20,39	-4.3513496
20,42	1.7433809
20,45	2.1695523
20,48	-3.0382564
20,6	-11.6981353
20,9	0.8891482
21,11	1.7613229
21,14	2.8937482
21,17	7.2008804
21,2	-8.4818896
21,20	1.4774523
21,23	-10.2279003
21,26	1.0526869
21,29	8.7073181
21,32	-1.5177457
21,35	0.2711345
21,38	-0.8286877
21,41	-4.0847173
21,44	5.9997204
21,47	10.2099904
21,5	4.5152196
21,8	5.5312762
22,1	0.2731535
22,10	-1.4866732
22,13	5.7373015
22,16	5.1396769
22,19	0.4975819
22,22	-4.6671517
22,25	-8.5274783
22,28	-3.8738909
22,31	-1.0788022
22,34	-9.4036297
22,37	5.7560720
22,4	-15.8276391
22,40	-0.6501660
22,43	3.7430573
22,46	-2.3693619
22,49	-2.9394909
22,7	12.6425772
23,0	-2.9798444
23,12	0.8263326
23,15	1.9160040
23,18	4.9558526
23,21	-0.8805404
23,24	-3.4451253
23,27	5.8983874
23,3	-0.0471586
23,30	-3.6398327
23,33	-1.6157294
23,36	0.6790343
23,39	6.4573477
23,42	2.2562978
23,45	7.8687391
23,48	8.3423033
23,6	-7.4296061
23,9	-0.7451449
24,11	-0.8796810
24,14	0.5275397
24,17	1.7566362
24,2	3.7355074
24,20	8.7487114
24,23	5.1958858
24,26	-7.1283585
24,29	-17.3236154
24,32	-3.9361417
24,35	7.5084294
24,38	-12.6636485
24,41	8.9626658
24,44	9.2911665
24,47	2.0028066
24,5	-9.1835877
24,8	-2.9618403
25,1	4.0828022
25,10	-10.2010541
25,13	9.3628280
25,16	-4.9249655
25,19	-5.5767759
25,22	-14.5764456
25,25	2.7672604
25,28	1.8234937
25,31	5.1768891
25,34	2.7482515
25,37	-1.9510277
25,4	8.5361150
25,40	5.5917186
25,43	-15.4611179
25,46	0.6386619
25,49	9.5888517
25,7	0.7188898
26,0	0.2024150
26,12	8.9552840
26,15	11.8045260
26,18	-1.9507064
26,21	-2.1403960
26,24	-4.9872034
26,27	-10.5222051
26,3	-10.2961647
26,30	-5.3855750
26,33	-5.3917343
26,36	-1.1319389
26,39	-7.1456388
26,42	-3.7424397
26,45	1.2904032
26,48	-3.8192162
26,6	0.8206666
26,9	-5.2096852
27,11	4.9635859
27,14	-2.1682954
27,17	8.5460922
27,2	6.1641404
27,20	-10.7062572
27,23	-0.3368190
27,26	1.2281871
27,29	4.3447740
27,32	-1.8517225
27,35	1.1582069
27,38	11.9343825
27,41	-1.0367363
27,44	-11.2117634
27,47	-2.3403156
27,5	5.6091875
27,8	-9.5203569
28,1	1.4786460
28,10	-2.5094581
28,13	-9.2195652
28,16	4.0381454
28,19	10.3211931
28,22	16.2484679
28,25	9.6964596
28,28	-5.8848272
28,31	7.0804884
28,34	-23.2171336
28,37	-9.2581783
28,4	-2.6808369
28,40	-5.3535167
28,43	1.5255991
28,46	-7.7459378
28,49	-2.4594569
28,7	9.3443510
29,0	-12.9378157
29,12	1.5446928
29,15	11.8248139
29,18	-7.0435177
29,21	-12.0519524
29,24	-9.9707699
29,27	-6.4899912
29,3	-1.6569105
29,30	-7.0819453
29,33	-1.0547681
29,36	0.7233461
29,39	-5.0375106
29,42	-5.8358626
29,45	-4.4496481
29,48	-4.2257301
29,6	0.8984849
29,9	5.1408449
3,11	0.0372369
3,14	-5.4464446
3,17	0.3646143
3,2	-2.6549871
3,20	5.5038536
3,23	-3.7391054
3,26	-4.0061270
3,29	7.4910998
3,32	-2.3508993
3,35	-0.4527840
3,38	2.5628387
3,41	-6.6701878
3,44	-0.3590317
3,47	-5.4760334
3,5	-3.6632380
3,8	-0.8777072
4,1	1.8789800
4,10	-8.5185229
4,13	-3.9226161
4,16	-0.9479210
4,19	-8.4395658
4,22	1.1837231
4,25	12.0268949
4,28	-0.3090194
4,31	10.4229539
4,34	-1.8986949
4,37	1.2241348
4,4	-1.7097035
4,40	-4.1119047
4,43	3.6715625
4,46	6.0680927
4,49	6.9251625
4,7	7.1526309
5,0	-2.0860534
5,12	5.0588520
5,15	-6.0821704
5,18	-6.5571805
5,21	6.6913034
5,24	3.2387169
5,27	4.0946866
5,3	2.8329393
5,30	-0.1786481
5,33	10.2649951
5,36	-1.9452599
5,39	-7.3719101
5,42	2.4764551
5,45	-8.2503252
5,48	9.6481734
5,6	-6.6749017
5,9	-3.0834663
6,11	-8.7975533
6,14	0.7446153
6,17	2.3608114
6,2	3.7296992
6,20	0.9504785
6,23	5.6063102
6,26	-5.4930859
6,29	-7.9602199
6,32	-0.2872594
6,35	-9.0446500
6,38	-2.8530439
6,41	-0.3691872
6,44	-3.7509347
6,47	-6.9267327
6,5	-15.1373082
6,8	-2.1385352
7,1	-7.8147412
7,10	-16.3305418
7,13	3.9133783
7,16	0.2158494
7,19	8.0938533
7,22	10.1869646
7,25	-8.3751849
7,28	-2.2971543
7,31	-2.3536443
7,34	4.9234900
7,37	3.5509974
7,4	-1.9737845
7,40	-3.0679892
7,43	11.7331740
7,46	-5.9591336
7,49	15.6433801
7,7	1.4048323
8,0	3.5680412
8,12	-9.3589847
8,15	-1.2943666
8,18	11.0343197
8,21	-5.1817888
8,24	-3.1125291
8,27	-5.3661353
8,3	0.2074455
8,30	4.3664635
8,33	0.4335778
8,36	-9.2437333
8,39	-7.3604572
8,42	-2.0052697
8,45	-6.6826553
8,48	-2.2141674
8,6	8.8511314
8,9	9.9737176
9,11	-2.1030272
9,14	-7.8450208
9,17	10.0515251
9,2	12.4579844
9,20	-0.0269420
9,23	0.7078315
9,26	7.1210496
9,29	8.9103756
9,32	-12.4471849
9,35	-0.3275387
9,38	-9.9185517
9,41	-7.8305335
9,44	-19.2301211
9,47	5.2578451
9,5	3.0368515
9,8	-11.2399860
